1629.242938	1633.746822	1657.750353	1656.652542	283.991556	280.523274	277.555590	277.912718
1394.207087	1397.017165	1422.296235	1418.693798	292.024860	293.265406	293.504879	292.892182
978.164687	984.284751	999.644302	1000.334350	138.198678	138.492479	137.915580	137.943497
1260.603681	1265.521111	1279.765139	1278.869583	164.757997	164.243761	161.463663	162.273177
1177.799128	1179.855028	1193.827594	1192.427801	163.578190	163.183694	161.797094	162.533083
1136.227166	1142.122681	1155.508197	1154.962709	131.302273	131.314838	129.670192	129.618905
1258.422870	1262.991324	1277.008155	1277.196512	133.421967	132.864349	130.175597	130.777406
1319.169545	1320.211448	1332.633861	1333.300085	134.619449	135.509081	132.902820	132.807957
1251.881042	1255.142188	1266.929479	1268.058646	143.273230	143.086413	141.798037	141.557654
1152.933471	1154.936414	1168.845010	1172.435531	156.057455	156.060430	156.660586	156.004824
1226.619569	1233.616648	1248.514239	1248.844286	151.550944	151.564057	149.666082	149.490311
1148.622962	1154.860622	1166.723201	1168.058491	126.605206	126.681434	126.005928	125.126264
1105.070903	1108.786288	1123.254181	1124.339799	130.573562	131.841626	131.764956	131.644031
1160.270126	1161.886637	1174.158817	1174.552711	120.592629	120.945903	120.461731	120.332770
1126.446340	1128.309405	1142.368396	1140.927505	189.989992	189.874370	189.085957	189.683189
919.792468	926.486378	948.459135	949.944712	271.928008	273.002748	276.378621	275.584277
922.013778	928.163752	946.582406	945.560148	261.400433	262.399702	265.831987	264.091695
1057.133589	1062.904779	1079.040112	1080.245204	199.263790	199.749256	199.476382	199.660536
1006.800463	1014.844676	1032.069676	1032.465972	146.872526	147.060398	148.523317	147.486810
1038.592330	1047.267992	1068.411458	1068.859375	278.137660	277.117523	277.843614	277.265451
993.479403	997.200994	1016.232244	1018.235440	256.619813	256.315028	257.691207	256.858812
1067.219933	1069.756518	1092.828427	1089.573171	222.216262	223.299878	221.911435	223.649564
1074.275471	1077.651911	1094.101152	1095.509603	106.668685	106.861790	108.017691	108.571962
1249.895708	1254.169624	1270.286502	1271.594462	133.857061	134.897305	132.646047	131.794861
1001.180260	1008.475565	1025.560808	1024.801795	132.738080	132.171321	133.567705	134.441004
1100.664605	1105.676536	1123.670570	1121.808661	162.706503	163.416888	160.490658	160.739989
1276.080163	1281.321558	1292.053744	1292.657307	145.379411	144.857216	143.717340	143.591615
1152.628343	1155.994899	1171.205128	1170.371106	115.491316	114.791462	114.425977	114.892977
1194.988670	1197.028509	1213.530885	1211.802449	149.813242	149.784757	148.855161	149.245589
1233.681842	1238.475667	1252.468341	1253.497253	137.424108	136.496876	134.656218	134.199819
1241.797384	1246.598390	1263.303823	1259.385915	145.929037	146.936575	142.292109	145.378928
1333.427642	1338.044817	1348.672866	1347.641463	86.858203	86.808297	86.321363	86.450858
1249.453424	1251.271552	1262.432950	1260.992696	127.121119	127.521166	126.165815	126.981078
1273.336460	1276.640823	1289.648056	1288.228865	144.042302	143.263533	141.071808	141.672230
1191.878322	1196.439361	1217.449550	1215.840759	192.731721	192.514910	188.778902	189.346633
1080.708197	1086.689891	1109.405191	1111.048634	283.187050	283.605167	281.632566	280.348917
1205.684698	1212.735136	1234.323099	1232.510234	214.553341	214.764422	209.966013	210.129773
1196.032619	1199.680476	1221.742381	1220.169048	187.914437	187.134231	184.018502	183.552596
1230.409128	1234.354030	1253.424342	1254.171669	185.817225	183.960412	180.893577	180.585255
1155.441342	1160.073810	1177.938745	1177.507576	132.713337	132.757956	130.484477	131.566468
1214.807853	1220.214703	1235.829783	1235.809733	165.176364	164.570179	161.295353	161.787747
1204.883097	1211.094208	1225.575177	1227.574468	158.120662	157.637158	154.952907	154.745577
1220.753120	1222.398478	1235.883562	1237.536377	193.521069	193.221502	190.967557	189.906375
1200.197719	1205.124970	1219.442377	1219.594478	158.589346	157.957986	157.021675	156.502766
1170.608696	1173.760282	1191.352722	1189.645319	230.430361	229.084075	225.473550	227.001401
1134.333553	1140.033011	1157.362236	1158.554871	218.960729	218.775174	218.298442	217.215090
1196.173235	1202.011324	1216.437353	1218.028676	172.374171	171.518512	169.223935	169.565784
1230.710612	1232.646067	1244.879775	1246.330462	178.272818	177.394975	176.112722	175.912530
1142.711328	1148.947005	1164.527083	1168.747786	192.317583	191.942875	191.009101	189.267944
1231.677256	1238.177735	1251.327810	1251.089005	136.822019	135.820196	133.883246	134.490400
1135.218023	1139.218162	1155.634551	1155.422619	192.694930	192.289222	189.875036	190.216957
1233.961078	1239.810226	1253.419289	1253.522697	171.667840	170.682831	168.409265	168.648447
1295.385337	1301.495161	1316.339516	1317.274194	140.699967	138.492191	134.745428	134.854735
1236.189002	1239.190249	1252.516667	1255.665986	171.069801	170.542907	169.558079	167.247520
1029.370671	1033.154762	1056.292208	1052.821429	211.102033	210.139465	209.921884	211.140163
1076.535322	1082.831240	1098.162284	1099.278650	229.380998	229.709391	229.498850	229.675281
1019.968116	1023.609731	1037.617391	1039.465010	133.294682	133.616548	135.105600	135.451687
1125.513648	1128.358354	1142.085608	1141.950372	144.094362	143.224942	144.052899	144.016455
1245.175366	1249.639011	1261.786264	1260.887912	125.354127	125.400807	124.120137	123.803260
1184.256185	1185.914269	1201.889384	1200.967060	140.782709	140.817446	137.597726	139.003674
1051.855662	1056.277244	1071.374943	1069.461363	201.618888	202.487349	201.947501	201.543068
1690.860674	1693.606039	1717.322331	1719.561657	254.644857	254.561039	248.843403	247.253322
1730.233982	1735.316263	1754.665870	1752.937180	244.929063	243.654594	235.147530	237.554874
1667.678472	1671.411250	1689.085417	1689.009167	219.258138	219.976758	216.212516	216.286969
1756.275830	1758.655543	1783.570890	1786.253394	223.089028	222.526832	217.367157	214.335591
1063.098105	1066.861053	1080.353579	1080.888632	189.065491	189.018135	186.978351	187.475941
1039.875277	1046.964229	1063.068376	1063.184552	208.140992	208.808821	207.687661	208.474558
1036.820976	1043.783454	1060.823086	1061.843128	209.110457	208.998834	207.626732	208.011350
1045.355099	1051.214916	1068.003653	1066.289498	184.754000	185.614368	183.656553	184.260081
989.166182	994.375433	1008.915801	1010.017865	172.381413	172.674653	171.012808	170.069674
1001.194912	1006.320744	1023.579061	1023.367906	214.620064	214.577296	213.147193	213.083390
1009.826163	1013.336918	1035.146014	1036.762567	170.699020	170.735847	167.195384	165.947217
1037.048276	1043.034052	1066.437069	1066.158836	239.433265	240.477311	235.704130	236.648886
1020.962759	1024.015019	1040.476935	1040.435862	283.919215	283.693679	279.025640	279.468375
1701.567217	1706.333921	1726.833200	1726.642846	266.285944	264.322131	257.575219	258.443243
1560.134706	1566.304924	1588.942235	1586.820549	265.809691	264.794941	263.143804	263.106716
1255.389266	1260.832201	1280.282609	1284.080842	302.838244	303.476088	307.104730	307.644048
1562.320804	1571.919580	1601.858392	1602.115093	338.018287	334.264194	328.989957	330.351611
1179.162378	1182.882875	1199.201420	1198.371783	150.028932	152.006214	147.604010	148.525580
1240.272664	1243.915819	1256.190796	1255.009251	129.442972	129.650309	128.380268	128.816589
1088.826156	1091.340670	1113.029665	1111.348006	221.971254	220.952426	220.188856	221.037691
1026.149854	1030.054337	1047.136940	1050.257554	196.232923	196.273377	196.858104	198.555178
1213.567672	1217.535489	1232.987069	1233.347414	161.874529	161.839332	159.725926	159.509717
1167.979167	1173.332093	1189.815724	1191.435020	214.351654	214.076306	213.170961	211.548781
1056.612069	1060.504618	1077.046490	1077.135468	267.460859	267.637253	266.854951	267.189821
1229.090468	1230.952843	1243.541806	1243.756355	196.713563	196.032145	194.132059	194.969022
1131.762019	1134.684295	1149.941506	1149.069712	251.856403	252.187654	250.215596	250.047713
1013.932890	1018.881063	1045.495017	1037.574086	306.052277	304.799033	306.986132	307.261566
1061.351190	1068.609410	1089.328515	1086.755102	220.875371	220.693175	219.592322	220.865214
1287.598765	1290.527888	1304.218034	1303.088845	123.992429	124.109306	122.136292	123.109338
1265.646798	1269.723314	1290.561826	1289.306489	185.866088	185.321427	179.691615	181.197561
1213.787662	1219.059740	1233.661905	1234.881602	168.031495	167.706776	165.719833	165.246787
1121.073684	1124.555088	1146.978246	1144.554386	221.709892	221.920457	218.857186	220.946747
1348.577340	1352.857591	1367.773545	1368.757420	166.446192	167.106826	162.326084	161.894801
1164.542779	1171.518053	1195.567111	1193.227237	223.037404	222.503174	218.477486	218.357742
1214.986735	1215.880612	1236.275000	1237.785459	211.498295	213.634361	208.927332	208.520399
1183.106667	1186.011806	1203.569583	1205.008611	204.198728	204.519147	202.574328	201.384414
1228.483899	1230.227166	1252.062939	1252.174180	194.690645	194.568711	191.216242	190.548042
1222.689094	1227.748087	1245.703444	1247.824936	195.647287	196.898190	192.863620	193.231110
1272.152427	1278.095865	1293.834928	1295.107997	130.461622	131.656424	129.134403	128.843128
1116.728070	1124.623804	1142.139155	1141.566587	178.208663	178.158412	176.791493	177.186149
1281.055081	1287.138841	1302.551377	1303.161064	140.739247	139.846519	136.920446	136.599620
1230.314522	1236.350184	1249.611213	1250.718199	169.657950	169.684150	168.056522	167.165337
1218.088280	1221.252664	1236.145928	1238.726979	135.527544	135.114326	133.651762	132.211473
1196.730980	1199.539085	1215.804967	1216.977516	151.921896	151.529914	149.316466	150.268792
1220.443468	1227.633817	1243.261705	1246.920262	144.817363	143.809937	141.059922	139.195845
1205.478083	1211.355056	1227.283752	1228.487434	157.683499	156.724520	154.908506	154.935614
1233.858525	1236.872120	1256.618433	1256.777650	189.270233	189.215607	184.536540	183.978294
1239.022017	1245.274148	1261.122585	1262.499574	107.444880	108.023038	106.463984	105.389435
1278.875173	1286.166898	1299.288642	1300.934350	215.753839	215.878171	213.093786	212.865590
1266.163932	1270.746475	1281.234043	1280.086901	107.803337	107.917874	107.059446	107.617244
1602.526697	1608.574371	1631.129672	1631.364226	208.873620	209.218508	205.116750	204.580399
1035.851070	1041.262106	1057.753378	1056.079392	182.338036	181.728051	178.745707	180.299881
973.048838	977.288275	993.667825	995.139199	168.511513	168.936676	167.155029	166.899437
982.245579	988.567378	1009.281555	1010.814482	252.259415	253.195267	252.595424	251.799976
1074.121925	1077.241118	1097.209384	1098.355299	251.018902	251.761231	249.564527	249.205293
917.323446	923.069915	946.718573	945.056144	326.686593	324.841158	321.173104	321.604707
1116.436609	1117.939610	1145.194299	1143.988372	358.089510	358.759685	353.269096	354.258807
1131.821981	1134.659907	1166.720743	1163.612693	202.985377	203.383148	195.169355	196.822669
895.531842	902.401053	938.164474	934.377632	280.706764	281.961879	281.014944	281.817998
1011.983272	1018.564890	1045.250735	1039.226471	203.580413	201.964973	197.521549	200.035461
1073.801511	1081.195147	1101.505231	1101.014385	215.586152	211.899087	208.506481	207.960732
1049.893778	1055.854222	1085.234889	1083.811333	279.665657	280.114275	274.411626	274.651231
1009.637677	1015.161712	1042.161712	1045.169769	270.739710	270.954103	265.006253	264.652599
1159.619629	1166.777476	1199.451379	1196.196291	279.741048	280.303306	276.966182	276.694724
1052.473830	1059.217365	1088.959667	1079.801108	222.560098	219.547683	214.575285	216.654009
1075.565759	1080.893064	1100.046005	1099.691659	107.803956	108.514477	104.523978	105.105820
1007.312041	1014.571132	1033.468815	1032.031656	148.522183	147.807191	144.531154	146.002835
1058.221878	1065.906863	1083.780444	1083.352941	120.880361	119.578055	116.410571	116.686978
1001.336423	1008.692771	1030.239419	1028.154773	139.054573	137.341957	134.182140	135.072302
1017.090534	1023.645955	1049.557659	1048.886403	206.277178	204.741446	202.479285	202.501453
1071.174675	1077.815621	1097.296331	1095.170651	151.455554	150.594475	148.236177	148.579851
1053.532225	1061.099343	1085.718596	1084.356527	164.168099	163.537834	158.422306	158.998461
1137.644268	1144.791711	1165.785009	1166.479365	149.905011	149.650833	145.533346	144.815442
1074.915323	1081.116487	1105.994176	1099.865143	156.573104	153.669391	145.686709	153.415919
1194.530112	1201.788515	1223.383333	1221.339496	164.282924	163.768944	157.582240	159.671849
1025.012308	1029.743077	1054.998462	1051.343590	181.420215	181.028901	177.671670	180.678816
1049.326546	1054.139393	1074.235283	1074.907997	153.066415	151.952912	149.217963	149.889178
1075.871413	1082.884414	1100.921833	1099.810369	149.300745	146.858657	144.621584	145.368616
1038.103816	1043.636738	1060.435653	1061.676581	136.632413	137.131605	133.791087	133.023963
1031.186986	1034.597032	1053.431963	1051.373973	125.175775	126.009275	122.137454	123.144208
1045.361238	1052.220193	1075.244292	1075.449772	164.534786	163.564770	159.228338	158.779342
1063.190745	1070.319059	1086.836863	1087.756392	129.567930	128.829861	126.591947	125.707719
1053.342312	1060.039282	1080.089039	1079.401609	166.838901	166.025296	158.321483	158.083192
1765.438750	1771.582500	1792.792500	1792.267500	251.621154	250.345295	245.691014	247.727172
1508.531250	1509.619565	1542.614130	1539.601902	297.864118	297.552683	298.871925	301.855023
1491.883754	1490.156863	1518.774510	1522.565826	281.988126	283.092030	282.094781	284.753104
1388.187879	1398.211111	1422.560606	1423.971717	218.877620	220.266708	225.485549	225.560502
1130.525758	1131.513636	1152.737879	1154.257576	182.069900	183.324239	185.567275	187.912122
1341.118506	1346.261364	1373.308442	1374.457792	250.450126	253.151521	255.211245	257.521757
1494.338831	1494.365817	1526.895052	1523.347826	300.557778	297.736064	296.877951	299.176169
1564.447552	1566.129759	1588.790987	1591.490287	275.415366	274.530006	271.067693	271.174336
1135.562867	1136.609871	1158.482961	1162.000000	202.417400	204.460289	206.904987	207.054434
1370.989396	1372.898197	1396.806999	1400.722163	256.749740	256.054185	259.121406	259.312428
1265.758788	1269.178182	1302.520000	1291.906667	444.736241	442.416056	447.800523	445.735323
1542.340502	1553.406810	1580.229391	1571.965950	460.891505	455.451063	448.983861	451.014859
1071.414815	1076.333333	1098.755556	1098.274074	210.079996	211.982030	220.961752	215.463790
1526.924342	1528.080592	1550.483553	1547.467105	352.899444	351.907598	352.663370	351.527791
1364.394737	1367.870813	1394.763158	1401.717703	303.166177	300.645760	297.970825	301.595552
1205.367521	1204.536325	1234.038462	1243.448718	342.532722	342.769544	347.364033	350.550505
1470.743210	1483.328395	1506.002469	1511.481481	350.312630	351.866485	348.792063	348.107092
1066.222672	1071.635628	1105.684211	1098.708502	264.238581	264.201891	276.884874	270.216693
1507.897917	1515.368750	1540.097917	1539.268750	298.210879	298.720143	296.837037	294.871007
1372.261905	1373.849817	1402.443223	1406.423077	292.094856	295.119250	292.092403	287.266092
1253.853175	1251.317460	1281.813492	1284.761905	302.515810	300.786225	299.919034	302.029864
1230.584848	1225.466667	1259.496970	1259.563636	318.068258	319.160154	319.446627	316.491889
1322.990909	1325.445455	1365.942857	1368.619481	336.484539	339.314643	346.565016	344.423152
714.857143	721.622024	737.866071	738.535714	126.837528	128.086876	136.036946	138.275494
1448.512019	1472.526442	1498.911058	1503.468750	498.776682	494.016954	492.460006	492.896679
1148.725962	1182.951923	1213.139423	1218.048077	412.956218	420.303384	430.003634	429.152977
1608.557545	1621.887468	1637.342711	1659.314578	469.481352	466.081662	462.935373	460.662556
810.005348	805.443850	828.925134	837.026738	172.313683	172.698852	178.614816	177.666246
859.541806	868.364548	891.133779	901.301003	184.388107	183.494576	188.903731	198.064688
791.160784	795.996078	815.376471	817.729412	132.470237	135.353096	137.134480	137.220300
876.356190	879.108571	896.742857	903.125714	153.262836	154.653916	158.484969	156.574067
742.584314	744.560784	760.556863	762.388235	118.315971	117.669509	118.921448	121.335361
1206.561224	1200.241497	1238.411565	1247.622449	473.778517	470.528241	480.080629	476.638489
1346.745614	1343.469298	1365.135965	1379.157895	599.155747	602.421811	597.043851	596.884704
1432.041502	1433.962451	1464.626482	1477.270751	512.367725	510.165743	505.502488	506.719720
1475.056122	1476.873583	1500.581066	1499.907596	264.814535	266.678301	266.024546	264.191894
1591.064255	1596.085957	1615.755319	1613.030213	274.578368	274.144930	271.996889	271.745999
946.158333	948.675000	968.186111	968.972222	171.990040	171.340325	176.614909	175.859067
922.984568	925.327160	942.216049	945.012346	140.045204	140.323789	144.336519	142.431320
1009.784314	1008.816993	1036.133987	1032.058824	166.745312	168.047161	170.294995	169.741085
905.358553	905.618421	930.661184	931.220395	169.464113	170.220627	177.575885	177.592111
994.557276	998.671827	1021.959752	1019.817337	194.059475	193.784307	195.758966	197.683967
948.152778	951.885417	975.211806	974.857639	193.777013	195.709139	199.316673	196.331576
897.987013	899.873377	925.253247	921.422078	170.578265	172.903318	174.737591	172.117216
1127.755787	1134.649306	1157.504630	1156.021991	214.057528	215.062999	214.871586	216.336142
1098.784024	1106.011834	1130.017751	1133.538462	221.852131	223.891978	224.309541	224.032074
1020.809211	1026.289474	1042.648684	1045.721053	180.973940	181.844800	181.100912	181.148273
1019.407834	1027.099078	1049.953917	1042.774194	268.236723	267.403090	269.103409	270.208088
874.239899	875.643939	893.810606	892.272727	198.259121	198.219178	199.054759	200.750746
845.449275	849.773913	869.872464	868.724638	174.891921	173.069404	177.276344	177.168220
904.744048	907.845238	930.386905	942.095238	272.357853	273.269655	277.252166	280.855638
925.684091	930.247727	947.504545	949.177273	161.539977	160.673086	162.407457	164.807434
870.775132	878.359788	902.592593	901.936508	251.543205	252.167364	259.204820	260.707874
829.945565	836.554435	857.919355	848.870968	184.905488	184.637524	190.398767	187.017224
976.895105	976.671329	999.309441	997.349650	221.413916	223.468425	221.791931	223.802515
998.159091	1001.859504	1029.376033	1024.838843	237.045019	238.881271	237.576783	239.713552
917.870748	924.263039	952.537415	947.659864	265.581633	268.365192	275.652662	271.893951
1001.165217	1003.926087	1043.115217	1027.860870	302.953513	302.084384	304.521486	305.090440
1035.199074	1038.003086	1065.816358	1059.382716	234.140347	234.858700	234.968074	236.414180
1099.166983	1105.564516	1128.618596	1122.766603	244.461489	245.730740	243.336390	244.879746
1068.216774	1072.829677	1093.954839	1089.143226	273.764558	274.450024	273.763618	274.055345
1073.909370	1076.359447	1099.364055	1094.929339	262.963331	264.893563	263.962768	264.985151
933.516340	938.120915	956.614379	960.183007	281.304295	283.201293	283.060837	286.684403
1160.732143	1167.269481	1189.344156	1190.849026	238.295317	238.777712	237.531824	237.475787
930.362140	932.651578	949.799726	948.023320	209.030712	209.338419	211.833067	211.735511
902.509091	905.700000	922.443636	922.921818	192.459167	192.606375	194.480850	196.452869
905.308316	906.929006	926.012170	928.090264	286.548656	287.161079	289.399174	290.015916
800.617512	800.450077	818.921659	821.070661	224.724193	222.664291	227.833215	231.074942
773.286184	773.258224	791.322368	789.240132	169.495735	169.424039	172.472660	172.763615
839.349359	842.552350	860.019231	856.331197	176.265498	177.296789	182.489732	181.087509
1059.517781	1063.852774	1081.628023	1077.339972	208.794962	209.718470	209.806968	210.808421
1067.240909	1079.795455	1113.029545	1110.475000	283.153027	281.723800	284.502614	283.735013
1037.248677	1044.813051	1079.873016	1072.723104	296.965013	299.436509	306.330530	303.534525
918.112135	924.016897	951.631336	944.159754	297.780970	300.304504	307.504645	305.268743
764.310185	761.412037	782.997685	794.638889	232.417949	232.571695	242.215878	243.529384
969.731444	973.461538	986.340081	987.692308	171.682271	171.860912	171.477767	170.984612
964.003106	965.364907	981.976708	983.195652	227.134746	227.470926	228.085543	228.989454
882.580392	889.239216	907.723529	909.217647	226.259358	228.005975	233.251250	234.104450
822.321799	824.750865	844.636678	845.100346	345.146583	344.516530	349.271717	349.347318
879.456747	887.865052	906.508651	912.557093	332.778735	334.515185	338.872857	340.463376
863.277778	874.777778	894.021368	896.106838	311.387887	316.309598	319.306631	320.947312
1032.460424	1032.955407	1054.111483	1053.862876	185.773867	186.049821	186.017907	187.018788
850.776190	857.352381	887.704762	883.304762	252.671018	255.887834	268.272087	260.356771
734.435294	744.247059	766.976471	762.941176	203.401544	205.687901	217.351458	208.829074
982.634259	996.826389	1019.328704	1016.858796	296.360398	300.631123	305.662345	302.908072
891.834559	894.294118	916.448529	917.205882	265.988566	267.514558	268.676264	268.539788
1003.582251	1010.095238	1025.568182	1028.248918	307.976556	309.203299	309.319676	309.650715
958.957895	957.360000	984.776842	980.503158	308.444885	309.934883	310.192578	309.275391
1675.875630	1678.595798	1700.633613	1706.961345	355.020105	355.692462	353.673102	349.865066
1645.589418	1654.417989	1676.767196	1676.951323	314.112586	311.787707	310.691623	310.269238
1227.130326	1228.679198	1282.097744	1270.303258	452.314787	452.046182	463.247433	456.420766
1268.430127	1277.575318	1330.034483	1312.798548	430.189153	429.174105	436.959000	433.245416
1576.006504	1590.136585	1632.842276	1627.058537	364.870782	360.436951	360.571271	364.255025
1599.626770	1612.531532	1649.464607	1641.942085	349.258345	349.150389	347.160739	349.089044
1613.392513	1621.329552	1657.108338	1650.598979	333.244218	332.519839	329.988212	331.582517
1743.891156	1752.125170	1775.274830	1772.780952	253.310004	251.581706	248.207861	250.774886
1650.615504	1662.537984	1691.780620	1685.862791	365.016113	361.950839	357.417759	360.250099
1723.295259	1732.145115	1756.127874	1751.365661	312.582094	312.708123	308.289000	310.248963
1395.446138	1397.764919	1407.231206	1407.603978	166.264761	166.867601	166.096067	165.867390
1257.765741	1265.587037	1281.765123	1283.933025	216.625227	215.353974	214.401301	214.681384
1380.351190	1385.318452	1399.851190	1399.664435	194.218035	193.429160	189.664970	190.002259
1178.595213	1183.072841	1204.296566	1204.433923	269.711508	270.477727	270.888004	270.970444
1222.162539	1229.500387	1250.280186	1255.024768	271.365033	273.131208	273.196281	274.308937
1126.736097	1130.172396	1159.505561	1154.098079	295.929882	296.756680	297.296711	296.855908
1051.953333	1053.205000	1074.521667	1077.886667	258.792743	256.596433	257.331775	260.293742
1178.429733	1176.782230	1197.131243	1197.689315	223.965194	223.776894	225.571022	223.373411
1178.741379	1181.009195	1203.868966	1203.560920	295.466199	298.565885	295.484874	296.470558
1187.292308	1190.496296	1209.659829	1209.458689	215.118942	216.731319	213.408519	214.063644
1114.117647	1122.061381	1144.654731	1145.506394	254.021938	255.159681	257.480068	257.778646
1418.494398	1421.005602	1434.550420	1431.683940	179.528306	178.752548	175.135410	176.361020
1331.112976	1335.535390	1348.394737	1349.198276	171.684967	172.031281	169.273952	168.821149
1202.129630	1204.633528	1222.115010	1220.795322	187.485887	187.197989	187.225041	186.588926
1048.019697	1051.406061	1067.356566	1066.606061	203.139575	203.269794	199.390522	200.893166
1104.209302	1106.600457	1125.289363	1123.518109	196.025818	196.008683	192.753776	193.307003
1097.983333	1106.534667	1125.652000	1128.222000	273.225993	276.433368	278.511114	278.556116
1186.125822	1191.402961	1216.149671	1217.678454	319.927574	319.815434	316.247084	317.715344
1193.416667	1193.461538	1214.635897	1216.171795	301.878797	300.908419	300.292943	298.215895
982.703704	986.190476	1011.483245	1006.331570	296.668749	295.560166	298.469185	298.055742
1149.161039	1157.155844	1182.381818	1171.637662	376.940169	376.784267	377.602298	377.514705
1294.623906	1301.166730	1320.298439	1314.599924	305.396284	302.869064	300.400484	302.047512
1155.536178	1159.243506	1184.694341	1175.453154	315.890349	314.990261	315.772634	316.117439
1375.915119	1380.036804	1395.637931	1398.135610	216.958145	217.345456	211.962998	210.622615
1347.336223	1350.383504	1363.315997	1367.301550	231.214991	231.205744	228.542682	226.861325
1262.078373	1266.029762	1284.582341	1287.034722	272.920628	272.986403	270.997604	270.627617
996.327143	999.381429	1021.695714	1023.367143	244.607917	245.211564	251.222106	252.452119
1087.117188	1087.822115	1107.761418	1104.081130	303.235023	303.163187	305.661404	304.561505
1283.545068	1288.204932	1301.855442	1305.904762	170.299785	168.509697	168.424735	165.315418
1298.146465	1304.246212	1320.178451	1321.742003	228.395357	227.227796	223.831441	223.182469
1220.230854	1223.468871	1250.814325	1249.692562	210.258750	211.700880	210.586798	211.531219
1129.824763	1136.567247	1164.191060	1164.409810	303.639688	304.418607	304.802971	304.873632
1051.956303	1055.528571	1077.998319	1077.527731	290.456834	291.513842	289.325366	291.285828
1080.677831	1081.873206	1100.007177	1104.457735	239.691868	238.509124	238.982966	242.176001
1077.322222	1083.648148	1112.443519	1112.896296	285.154547	287.125872	290.288439	291.158325
1252.853333	1254.447778	1267.352778	1270.737778	193.772052	194.308147	191.760147	192.225916
1352.909828	1353.667680	1369.093549	1369.856130	232.308220	233.846578	227.934031	227.691987
1130.563620	1129.174731	1145.801971	1148.775090	171.757840	171.392631	174.311929	170.997014
1202.358491	1203.963929	1218.659267	1220.392897	161.712611	161.039903	160.568055	158.964252
1281.259398	1288.901316	1314.797932	1310.093985	286.834212	285.532143	283.215513	283.336081
1315.558752	1315.958384	1331.787332	1334.240514	268.910295	269.494640	265.669613	265.174318
1196.684656	1198.749206	1222.878307	1219.207407	240.360199	239.821000	237.280695	238.168518
1186.876603	1190.752804	1208.879808	1205.816506	194.250923	194.309288	192.918526	192.592930
1136.316638	1139.658744	1153.733871	1153.468591	160.063336	160.903674	161.045876	161.106214
1228.529365	1230.615476	1248.724206	1249.379365	251.340291	252.650774	247.935259	247.084283
1191.030449	1193.665064	1215.190705	1215.209936	315.557308	317.173115	314.737865	314.158377
1067.182796	1073.580645	1097.759857	1095.496416	318.276224	318.989292	320.778905	322.852673
1004.637037	1006.776852	1028.376852	1034.001852	253.691145	255.017227	258.166375	259.661432
850.688734	858.239257	872.147503	873.629501	186.317897	188.775900	189.365127	190.957949
863.160714	871.056548	882.939484	888.787698	188.857144	189.394634	191.488735	192.943593
1291.513948	1299.232698	1315.564795	1313.513948	205.877869	205.161803	202.337062	202.995316
1388.851732	1393.101732	1403.535405	1403.378169	147.643326	148.394153	146.302822	146.099016
1143.927273	1146.983838	1164.770370	1168.777104	216.584739	217.781468	220.252749	220.818947
1220.123427	1227.313986	1245.065734	1244.098601	237.769961	236.463264	236.926587	237.243714
1195.440084	1197.921333	1209.953602	1208.803419	161.620645	162.469754	160.583369	160.900088
1291.718919	1295.550860	1306.979853	1308.436855	288.170624	287.672363	286.178976	285.639140
1105.000000	1109.570837	1127.035211	1127.657208	238.370051	239.191183	238.152072	237.722301
1252.415264	1256.503928	1274.241302	1273.542088	217.293139	216.899347	212.006384	215.623317
1029.747984	1034.272177	1052.835685	1055.319556	250.345442	250.954458	250.722742	252.494517
970.476190	977.137931	1005.065681	1003.850575	292.841265	293.882653	302.366275	300.922041
753.792208	751.709957	770.753247	770.093074	197.901047	196.352306	204.020712	203.294626
1087.301431	1093.055456	1110.163685	1111.110912	298.090418	299.610126	301.326353	299.757760
907.283965	910.983161	934.106008	930.250670	220.811814	222.054316	227.502139	225.061110
986.330563	991.916436	1016.658818	1010.336565	280.892876	282.498444	288.216894	284.120428
1154.259690	1157.924419	1175.417313	1175.895349	217.570608	217.603908	214.943790	215.413502
1225.533659	1228.264878	1246.565366	1243.590244	184.282668	183.406760	178.814509	180.697774
1237.282609	1239.808032	1262.311349	1264.239867	254.860686	256.461866	249.930904	249.552499
1128.937500	1130.114063	1147.072656	1149.191406	261.692768	262.082147	261.382214	261.867199
1135.240188	1138.322344	1154.111983	1153.346939	262.839802	263.291463	262.654343	263.765431
1168.056989	1171.640591	1184.041129	1188.455376	268.540401	269.730451	269.126041	269.438658
871.252525	874.683502	891.263468	892.107744	191.414881	191.637222	191.875395	192.011628
845.186308	846.102132	868.719416	868.150393	197.858516	198.026640	200.693516	204.285694
1159.741723	1160.421130	1173.102483	1174.135833	199.612480	200.187487	198.999969	199.405066
1069.101563	1070.218378	1081.648065	1081.168155	166.487983	166.262864	165.168826	166.148962
1064.874576	1066.616196	1096.105085	1093.108851	276.761608	276.997550	278.835956	278.855617
1140.826087	1141.881527	1166.199678	1162.280883	164.646475	164.515290	165.108069	165.253593
1224.895895	1226.518144	1244.019631	1246.054134	230.026865	230.141206	226.812780	227.024973
1196.442529	1202.591954	1220.443966	1223.590517	253.791209	253.646003	250.678317	251.126427
1308.111908	1311.140603	1325.173123	1327.467241	152.237475	152.965607	149.657957	149.009213
1334.300287	1336.250958	1351.403736	1350.415709	136.288032	136.177800	134.061248	134.573651
1049.765616	1049.992861	1073.362284	1073.631172	278.775865	278.834344	282.480033	281.011766
1182.077143	1184.412143	1205.748571	1205.245714	296.223391	297.326016	295.579857	295.795420
1137.263158	1141.540747	1159.718166	1162.764856	234.437276	236.471780	234.475554	234.662736
1223.078992	1228.328291	1243.059944	1243.985994	220.188734	219.516258	218.164971	218.064846
1233.929590	1236.210339	1257.419786	1260.513369	219.101159	219.040423	217.298664	214.536910
1186.085640	1188.522491	1205.261246	1206.442042	273.008115	272.800170	273.771977	273.912491
1295.309066	1295.092720	1310.329670	1312.881181	199.990726	201.096538	198.251563	197.748468
1341.755968	1343.306366	1360.289125	1360.831565	193.491575	192.360448	189.820293	190.274477
1118.866883	1124.941558	1147.101732	1146.152597	188.801766	187.078401	182.135914	182.483991
1127.750556	1132.446111	1150.751667	1149.053889	170.843457	168.942058	165.584769	167.802277
1067.544477	1067.515152	1086.478006	1089.162268	188.382417	188.350891	186.313797	187.740283
1124.485119	1128.079365	1147.505952	1150.942460	256.033924	257.012497	257.632865	257.627335
1137.763158	1138.884712	1156.449875	1156.798246	265.263020	266.411591	267.582822	267.879977
1183.440212	1186.005291	1203.761905	1205.865608	209.043638	209.603704	209.022958	207.600491
1334.127413	1339.491313	1357.139479	1358.785714	200.003052	200.476328	195.231938	193.506709
1220.388153	1221.841812	1246.498955	1249.073171	175.377546	173.796469	174.254933	173.818918
1255.466044	1253.949915	1270.099745	1270.258065	151.819580	151.533343	151.515979	151.903259
1309.356246	1310.696485	1325.865035	1324.519146	172.919631	172.910524	171.706633	173.651335
1074.906296	1077.591111	1092.676667	1092.184815	157.698538	157.996987	157.914203	158.425058
1099.331028	1101.153656	1117.519269	1115.300395	246.545952	244.851334	246.160967	245.628003
1204.217325	1206.463906	1220.262538	1222.674772	172.676249	173.544753	173.656303	172.305761
1259.325942	1262.697709	1283.045085	1280.227642	215.998862	216.000958	212.139071	213.324693
965.631466	970.158405	989.353448	985.571121	243.425637	245.023271	245.922037	244.230477
1149.410606	1155.578030	1176.248485	1177.876515	230.913812	230.426634	229.914881	228.055320
1057.701357	1062.941176	1078.811086	1077.662896	205.233848	203.597389	201.757643	203.029562
956.849573	960.525641	972.037607	973.217949	252.312073	253.501319	253.786278	253.762522
1066.114286	1068.659299	1092.728302	1092.776280	210.570804	210.882760	212.765064	211.834770
1025.763946	1028.694558	1054.405442	1050.400680	208.928872	211.629610	211.919688	212.031628
1042.134964	1047.451993	1068.320652	1071.260870	242.631776	243.976775	244.125026	243.936545
1183.796721	1187.402623	1202.660328	1203.254754	215.460042	215.755724	215.328340	215.269236
1155.790414	1155.690789	1173.594925	1174.996241	247.365080	246.759368	247.329828	247.567469
1208.303140	1210.870773	1226.786232	1229.591787	218.966780	220.489472	215.428491	214.529227
1088.142157	1089.464986	1103.830532	1103.263305	235.508045	235.828464	234.239668	235.551569
1171.811380	1174.710125	1187.619624	1187.160842	214.841594	215.376434	214.294199	214.625743
1099.653045	1104.808494	1121.917468	1119.827724	248.302030	248.582940	246.027346	245.899044
1233.338328	1236.452265	1251.038328	1253.328223	214.327418	214.152129	210.419762	210.866247
1089.277058	1093.177151	1109.088344	1113.836725	254.795154	255.162400	253.873020	254.721353
1147.916921	1147.182927	1165.563262	1168.617378	233.534654	232.685362	234.640089	234.801544
962.784762	969.535238	980.111429	982.549524	252.087943	253.152643	252.154813	252.253220
805.808446	811.481146	822.573152	824.288084	174.214783	176.914654	178.740061	178.512233
898.302525	901.366709	918.017116	921.291827	267.222232	268.184346	269.480258	270.444222
1292.852072	1300.293373	1315.138992	1314.290395	164.617161	164.803356	162.799444	162.922679
1163.200928	1167.293767	1186.176393	1183.954244	239.673257	239.370764	235.773869	237.783516
1260.199055	1263.846154	1280.431174	1281.107962	187.788947	187.558308	184.326860	184.235456
1105.994712	1112.142308	1130.670192	1132.948077	213.636139	214.011024	212.998614	211.467356
979.411376	981.378307	993.296958	994.209656	198.830119	199.060380	198.733361	197.391488
1068.678118	1073.684989	1091.946089	1089.993658	197.407602	198.430833	196.756341	195.765230
863.092054	870.231314	890.018883	892.818253	221.400101	223.861923	226.804692	230.308152
901.632017	910.578378	927.288565	927.259044	166.628740	168.678004	170.547096	170.463452
1206.485023	1211.107143	1223.445853	1222.269585	195.277571	196.291850	194.088959	195.137803
1158.372396	1161.584635	1174.045573	1174.200521	199.403038	200.166021	197.457442	198.289015
1072.314815	1076.162393	1094.629630	1093.103989	180.439017	181.092104	182.496516	182.957895
1089.115803	1091.446488	1107.250000	1104.823579	195.466831	195.199949	195.362964	196.371348
1180.320513	1183.691697	1200.097680	1199.556166	194.376692	193.992964	190.219878	190.482367
1162.941176	1165.856303	1184.601681	1182.397479	193.124972	190.797641	185.183134	187.256230
1223.033803	1225.226479	1239.287606	1238.345070	148.936688	147.802353	142.902855	143.346548
1191.114796	1194.810969	1209.194388	1206.747449	151.869142	151.935040	147.905225	148.745896
1138.353598	1141.828784	1160.148883	1162.337469	172.637020	172.282234	172.240032	171.745211
1183.097222	1188.646701	1205.644965	1205.455729	142.305917	142.274637	139.226833	143.224204
1120.655600	1126.135815	1144.545272	1144.452046	148.033924	147.923593	145.043481	144.958003
1128.686243	1130.513228	1149.687302	1150.039683	178.810047	180.048703	178.046053	176.539277
912.785640	917.895145	940.889979	938.549587	201.326228	203.792619	209.572926	210.152593
1275.517391	1278.423411	1295.058863	1293.744147	153.672518	154.102971	153.522422	155.009484
1138.818455	1140.685671	1160.243061	1159.760690	151.220009	151.929387	146.666782	147.827350
1002.826923	1008.277473	1028.391026	1032.857143	204.406328	205.603507	210.369101	213.558853
1111.926988	1115.490656	1137.610604	1135.618427	160.551495	160.592215	160.331522	161.095550
1175.342899	1182.155621	1198.485503	1198.594083	123.892518	121.594003	118.686932	117.537158
1178.698498	1181.203003	1197.141742	1198.336336	172.462636	171.182527	172.384661	171.976270
1033.850649	1039.560967	1058.936147	1056.904401	200.547430	199.975640	202.149879	201.965831
1107.980870	1113.895744	1128.844094	1128.824486	161.940968	161.758816	160.382914	160.592558
1019.299632	1025.221814	1043.247549	1042.173407	156.645128	157.290531	157.603232	157.312730
1108.145455	1112.265268	1133.063869	1135.160839	216.969929	216.814344	215.908003	218.216607
1092.294872	1096.258242	1113.039683	1112.753358	134.825407	135.189018	135.620996	135.963550
986.119652	989.495989	999.221925	1000.436497	79.506587	79.649735	79.872718	80.223776
1216.053711	1218.647503	1233.793522	1235.775709	166.536023	167.014489	166.107681	166.347525
1230.212566	1237.762138	1255.858425	1255.820889	198.630364	199.203492	195.386543	195.933448
1193.709177	1197.348178	1211.893050	1209.854926	176.030899	175.320156	173.955871	173.812070
1232.454545	1234.935504	1247.030098	1247.638821	192.843057	192.305560	190.610151	190.185245
1138.895062	1143.973765	1156.976080	1158.645833	174.390884	175.056327	173.015808	172.863448
1048.270083	1058.297784	1079.916898	1077.080332	295.692315	297.165964	298.611816	299.249133
1037.537963	1042.758333	1065.034259	1060.864815	286.984825	287.690426	289.941725	288.898808
1242.625603	1247.926902	1260.970686	1261.689425	209.977548	210.338242	206.779626	207.090531
880.526854	884.501279	901.339727	904.525149	216.104617	216.849530	219.724043	222.673198
888.875000	893.791477	914.236932	910.565341	201.045989	202.371155	204.613270	204.249004
878.128571	881.801099	897.687912	895.457509	185.272912	185.687939	186.282527	186.468077
1075.105263	1077.675057	1094.271167	1093.944508	172.968342	172.104452	172.462547	172.768232
1129.117500	1133.229375	1150.780000	1150.088750	217.619875	217.733416	217.300590	217.966340
1135.874542	1142.400183	1156.806777	1159.684982	173.948141	174.098848	174.491731	173.657231
1168.015429	1172.686429	1188.472000	1189.197714	180.296104	179.981838	179.260178	179.091024
1672.270548	1677.107877	1696.086595	1697.311155	243.507106	243.138108	239.487712	239.579256
1594.776348	1597.891452	1614.454347	1616.293832	252.354078	252.295598	248.300122	247.690388
1641.060766	1646.873563	1663.231034	1666.654330	272.224005	272.027356	266.971861	263.444911
1053.417391	1059.330435	1075.373913	1075.418261	212.635429	211.615335	211.370638	212.251587
816.413697	820.698812	844.140461	838.098183	244.272094	245.299707	252.109992	248.801871
1305.827068	1302.870677	1332.308271	1331.935338	337.389989	335.192686	336.782785	334.337315
1165.853896	1173.647727	1195.842532	1196.261364	368.659450	371.923195	368.848504	369.660066
1189.538624	1195.750265	1217.651852	1212.671958	374.812870	377.229240	374.912019	375.656479
1484.466734	1490.583669	1506.878024	1507.986895	339.928824	339.567139	334.861581	336.097000
859.828108	864.516237	884.053191	890.479843	254.132293	254.959928	258.570297	261.344264
966.635510	976.566190	993.902057	995.450358	232.056853	233.674524	234.703340	233.197981
893.661896	901.079159	917.957513	914.724955	257.329434	259.481680	259.508630	258.963081
970.015100	974.682280	989.235747	989.178120	233.653410	233.094450	232.179082	232.155294
698.571429	698.125616	714.928571	712.060345	133.651196	132.797516	136.102286	134.771460
800.472318	805.271626	823.155709	820.794118	164.282221	167.473510	173.452974	173.046274
705.792473	706.219355	720.537634	718.760215	132.809287	131.938202	134.423832	133.831657
1096.821970	1097.589962	1110.656250	1116.593750	296.655516	296.929189	295.940615	297.417757
1186.129323	1190.103759	1200.978947	1209.003008	234.460014	232.694684	232.286194	232.921260
1206.302381	1209.144048	1234.721429	1231.535714	214.014901	215.912553	212.198714	215.330201
1115.620800	1117.712000	1140.520000	1142.419200	303.767706	304.824440	307.711257	307.919414
1134.134009	1139.618243	1164.974099	1160.376126	276.160144	275.772555	276.187857	275.562580
1254.763889	1258.143056	1276.481944	1279.754167	254.513837	254.428330	253.492637	253.951403
1141.801290	1145.850323	1167.867097	1167.789677	310.206427	310.976371	309.401459	307.377241
931.831361	932.134615	954.696746	951.914201	211.838411	210.977762	213.453726	214.133980
1117.116667	1123.506944	1145.984722	1146.425000	305.541213	305.758693	302.544735	300.996611
1079.105534	1084.846847	1104.406692	1112.868726	290.005060	292.063466	287.169410	290.565820
1012.858732	1014.536151	1036.907675	1032.215795	332.343020	332.464935	334.325940	333.255535
1187.635142	1191.097674	1215.459432	1208.419638	332.874729	333.203672	330.512897	332.849839
1110.178355	1112.274459	1135.558442	1132.338528	297.593207	295.842755	296.096120	296.918251
980.738946	985.520408	1012.642857	1015.556122	308.405918	310.786795	318.235288	314.740155
1139.375155	1141.675776	1165.253416	1166.320497	326.204577	326.705773	325.751959	326.149085
1145.843571	1149.138411	1164.649468	1163.065520	244.108813	244.124373	243.657116	244.124939
863.543887	866.996082	886.493730	884.182602	213.269916	212.466868	215.037210	214.209603
1027.400587	1035.003668	1059.279530	1058.575935	291.520463	293.074528	294.370969	295.256839
768.158170	770.933987	787.509804	787.314379	170.031717	170.755935	176.132431	176.391309
933.327441	933.288721	950.575758	954.503367	266.964691	266.873770	266.657611	267.330784
970.875756	974.035095	990.891892	990.259782	238.083688	239.010240	238.019833	238.500815
998.831361	1000.381657	1015.553254	1016.267751	279.628885	278.981766	280.149009	280.109504
945.726757	951.052154	966.654195	965.530612	216.835028	216.270576	220.423021	217.760049
864.173913	866.958075	888.793478	886.363354	194.863985	195.113772	205.407404	202.834406
996.391667	998.334722	1015.761111	1017.630556	199.630255	199.924124	201.515403	203.009437
1213.766939	1215.322041	1226.503265	1226.839184	170.338644	170.400902	169.235000	169.854539
960.942068	962.304813	977.106952	976.983066	166.838887	164.868622	167.380056	165.890468
1118.229688	1122.148438	1138.496875	1139.503125	245.184398	246.235224	246.517188	247.120217
972.906081	973.764189	988.351351	988.874324	175.086861	174.486304	176.286269	175.254160
1151.905647	1154.481405	1170.888430	1170.322314	240.793754	242.944002	242.196687	242.808001
924.404799	926.150929	939.643189	940.398607	151.914963	151.659627	153.600961	153.028948
1102.041925	1103.337992	1122.732402	1127.190994	177.612507	176.968239	178.326893	179.632591
1026.458689	1030.747863	1047.508547	1047.864672	156.804394	159.177596	161.319777	161.520098
1144.583871	1146.925806	1161.030108	1163.624731	147.021062	146.021106	146.525644	145.905118
1067.776552	1066.979310	1085.784828	1086.755862	202.833348	204.694020	205.626480	204.926600
1100.325287	1101.537931	1121.475862	1118.889655	200.948862	201.703220	203.381044	202.633432
994.832736	993.647551	1009.906810	1011.892473	158.075230	156.697363	158.342841	158.479484
939.896465	942.486532	954.402357	955.724747	149.835035	149.899834	150.454027	149.856334
937.506689	940.928094	957.214047	960.513378	178.968033	178.195486	179.574691	181.502935
1240.207770	1243.547297	1258.654561	1258.481419	142.544729	143.515125	143.783631	145.137605
1052.305665	1054.808959	1073.156785	1072.673254	161.282848	160.540188	164.529514	166.037138
1123.875000	1125.887821	1146.463141	1147.729167	171.319617	172.071890	175.426640	175.015235
1056.069841	1057.146032	1073.808466	1077.572487	159.039415	160.506665	161.418613	161.994766
1145.450000	1149.145714	1165.508571	1167.617143	148.765993	150.444497	152.415679	155.179666
1086.368760	1091.942029	1115.806763	1112.861514	164.398496	164.599445	169.821362	172.327960
997.601966	1000.733415	1028.624079	1030.256757	348.227190	348.761494	355.149926	354.441340
1109.244048	1114.795918	1144.801020	1143.091837	353.520583	352.965305	356.572780	358.675099
1228.093810	1230.324286	1246.404762	1245.822857	238.203474	238.911975	240.157436	239.772220
1149.664237	1151.731561	1166.135506	1169.989280	162.441288	162.240708	163.982391	163.696749
1167.274538	1176.456615	1195.574680	1199.783784	315.322071	312.946994	313.617510	311.796474
1224.481481	1225.284900	1243.875594	1246.304843	232.590509	232.160322	229.783430	228.866431
1185.099865	1189.640351	1209.620108	1213.917679	233.201088	233.412585	232.346114	231.063259
697.840996	699.639847	715.304598	716.266284	160.836798	161.317895	165.651303	166.884136
700.452808	701.784946	717.439665	713.432497	192.771350	192.028349	202.370415	197.091651
1109.398522	1115.819704	1136.819704	1142.408374	275.560500	278.905157	277.081715	276.027263
1197.208577	1200.682261	1221.931774	1225.924951	266.582804	266.147699	267.261778	267.122764
1072.144086	1072.655914	1094.335484	1098.350538	246.355543	245.845081	248.989958	249.077233
1052.609063	1054.665899	1067.929339	1072.758065	219.803151	220.691548	221.955493	222.530760
1047.622475	1051.686237	1067.094697	1067.580177	242.573833	244.385422	246.372577	246.548305
1054.684285	1060.016913	1087.139535	1088.751938	272.086247	271.972220	274.434308	275.205294
872.488479	873.735023	895.622120	895.883641	199.784298	199.666045	204.286307	204.976408
1114.969251	1120.707219	1140.945856	1143.607620	222.587485	223.325085	224.561799	222.963054
1053.560268	1051.476935	1084.752976	1073.286458	278.562020	280.259296	281.479979	280.447763
962.483871	964.299539	983.705069	980.163594	285.155654	287.057409	287.910964	287.938871
973.035354	972.911616	988.642256	987.255051	220.911069	221.036811	221.017131	220.079088
1157.635204	1159.358418	1171.843537	1173.801020	216.259215	216.492272	215.727642	217.103631
1128.749181	1132.118311	1147.800146	1146.792137	267.388463	267.772191	267.687093	267.436958
1179.273810	1183.477143	1203.323333	1204.925238	255.042413	254.606981	253.220390	253.789549
1193.385070	1199.015575	1216.567132	1214.453276	214.039811	214.261513	212.630912	213.117054
1218.213836	1221.999102	1241.646900	1244.536837	213.900063	213.331580	214.389693	213.868965
1072.509104	1077.526611	1096.672969	1093.827731	230.118803	230.466895	231.916944	232.135100
907.909722	912.047454	927.398148	928.412037	203.279693	204.224257	205.755700	205.209147
1120.972727	1122.414141	1141.183838	1144.606061	268.251795	268.450488	269.201641	269.763133
1105.435048	1110.707934	1127.818657	1128.590235	241.650202	241.318895	242.911453	241.376606
1088.659429	1091.872000	1106.715429	1107.318857	179.830064	178.963222	178.367791	178.979928
969.799534	974.675991	991.592075	989.057498	225.368746	228.190951	230.424091	231.519327
1008.122888	1017.503840	1040.276498	1031.351767	322.115403	322.201940	323.782254	324.427919
969.762500	970.388750	993.377500	993.161250	207.594522	207.411739	209.892213	211.601410
1090.999145	1096.168376	1115.070940	1116.288034	192.470386	192.828662	192.116760	192.849183
1040.439655	1042.896552	1066.607759	1067.808908	213.516267	214.834601	216.143604	217.709659
1274.291014	1279.308255	1296.735632	1292.469697	188.734901	186.532239	182.873418	185.358548
1203.276190	1206.478571	1229.503571	1228.961905	210.100509	208.403288	205.699852	206.785866
864.517958	867.355388	880.521739	881.470699	169.184687	170.924930	172.758151	172.258822
1127.108238	1129.984674	1152.269157	1152.939655	229.151858	229.679680	229.975223	229.616449
1145.472222	1148.760101	1170.861111	1170.231061	221.042666	222.090540	217.025084	217.819370
1031.345833	1031.943750	1057.212500	1054.708333	196.903252	195.220434	194.263710	194.101491
1129.144928	1133.465378	1163.206119	1160.917874	332.945333	335.407654	337.724706	335.478663
1104.549462	1104.863441	1136.678495	1134.304301	267.401285	266.948279	269.358003	268.303651
1022.961180	1026.425466	1060.051242	1058.153727	248.588469	247.311118	255.663335	257.654988
1136.309117	1138.207977	1170.236467	1166.341880	267.668354	270.283567	269.680634	271.692240
1089.918462	1089.846154	1117.027692	1120.112308	252.519333	251.187419	255.395845	256.576870
1095.082176	1093.520833	1122.342593	1127.709491	235.826131	236.137438	233.112828	234.179508
867.213509	869.446429	896.464286	894.414208	224.326962	224.246971	230.113889	229.511169
874.413729	882.951144	907.088435	906.573284	246.693134	250.492778	259.286777	258.106435
902.422457	905.518921	926.424938	923.695099	396.699944	398.802922	402.831259	401.630977
871.328457	876.587766	899.347739	900.106383	378.092725	379.108906	387.487257	386.869364
1231.816571	1234.202286	1247.705714	1246.020000	228.450394	229.617389	228.544828	228.555976
1269.284247	1271.553741	1288.202318	1290.320074	240.172021	240.301993	236.038418	234.563477
1289.101531	1293.466327	1311.526020	1314.893878	246.021921	245.509246	241.727823	240.574975
862.094094	857.886887	884.417417	884.197197	258.390124	255.739970	263.804102	265.144219
1119.137320	1120.747508	1142.018826	1139.735327	246.448483	248.716467	248.524664	246.785143
1042.467669	1040.557895	1066.736842	1064.822556	305.579781	306.440279	309.545900	309.290387
1146.285106	1148.455319	1170.555745	1168.991489	238.604513	239.278924	238.271333	240.047827
1292.788889	1297.910000	1313.436667	1315.622222	185.564640	185.064687	183.466107	182.322642
1017.261364	1019.286932	1043.691288	1039.731061	300.422524	299.176313	301.428726	301.929535
1017.294815	1020.195556	1044.251852	1042.850370	275.606034	275.313493	278.975806	278.185958
1083.141098	1086.605114	1102.616477	1109.803977	344.058529	344.294752	343.927320	344.074846
1114.157462	1118.209166	1136.641598	1138.949471	278.350116	277.691248	274.927412	273.982290
1112.154887	1114.600000	1132.636090	1131.975940	220.931485	221.087621	215.029576	214.813891
1270.137931	1273.723462	1286.056795	1290.309669	248.614923	247.541175	245.661551	243.899728
1105.121905	1107.946667	1123.944762	1122.600000	157.428090	157.335231	155.915637	157.157698
1081.208440	1083.072890	1097.066496	1099.561381	121.063115	120.428199	122.262886	122.187324
995.380499	996.950059	1020.956005	1017.706302	172.682451	172.382271	172.167669	174.239171
1053.423077	1057.566802	1084.273279	1079.566802	217.105569	217.054475	216.194686	217.312857
1144.175953	1147.389296	1165.633431	1162.354839	190.453596	190.929311	190.159324	191.131370
1200.058970	1205.609635	1224.870432	1226.545681	184.973735	184.516372	183.160314	183.011091
1136.706653	1141.506048	1158.320565	1156.570565	158.237006	158.005358	157.796335	159.712276
1166.015521	1169.332040	1186.850333	1185.323171	215.900675	216.397390	213.830716	215.283505
1056.250926	1058.131481	1074.184259	1075.616667	144.536635	144.231129	144.253132	144.345069
921.722759	927.991724	950.493793	950.453793	227.946766	229.982181	233.332201	232.985540
1044.589506	1051.623457	1067.157407	1066.259259	182.006041	184.324634	185.130197	184.521246
985.362319	988.971014	1007.449275	1004.217391	204.558733	204.575576	205.064523	203.814736
938.777778	947.421296	960.405093	962.356481	194.810531	195.199483	195.502340	197.475724
1005.184343	1016.573232	1037.467172	1034.997475	260.098051	259.977608	259.389764	260.448391
973.333333	979.833333	997.543860	995.868421	187.148371	188.414946	187.712260	188.007541
1064.042986	1068.815611	1086.059955	1090.173077	198.856147	200.480247	199.347417	198.658811
1004.127778	1012.800000	1036.450000	1037.147222	267.671597	268.845554	267.783844	270.156362
1060.902778	1066.148148	1089.067130	1089.500000	299.893948	298.630325	299.630550	297.042288
1011.306020	1019.270903	1040.804348	1041.127090	243.284776	242.733719	245.547650	241.374215
994.083014	999.646232	1031.648787	1021.798212	322.032237	321.466411	326.221063	325.292975
897.738866	902.143725	930.688259	923.556680	235.396318	235.667946	242.822125	239.884877
898.777778	906.250000	937.381944	931.697917	240.387635	242.387270	248.291121	246.309235
820.830952	827.040476	847.519048	849.364286	187.564512	187.855568	192.258967	193.429045
868.961640	874.322751	891.564815	892.234127	214.083588	215.718228	218.619661	220.964903
1110.526561	1113.432432	1128.519105	1131.692451	219.118599	217.796250	219.593646	218.366947
1156.616625	1162.503722	1184.589330	1186.140199	330.126809	331.568187	335.723383	336.870824
1752.990671	1757.944023	1772.518659	1777.834985	262.309867	260.654947	259.481955	258.622560
1043.596110	1048.791762	1084.014874	1082.649886	313.908816	313.828099	323.871686	321.667443
1520.788099	1525.530334	1557.619158	1560.078084	354.987300	356.049578	349.645018	346.994901
1033.436508	1042.847619	1060.115873	1064.773016	429.126174	432.670205	429.025484	429.894261
1100.672878	1112.372671	1129.948240	1133.552795	369.918092	371.611470	371.719202	369.164289
579.784722	583.663194	602.145833	599.527778	258.211876	258.861389	260.217012	258.847531
1044.659394	1049.815758	1079.555152	1079.088485	349.306680	353.441743	355.612465	351.088921
1008.608586	1010.102273	1027.906566	1030.172348	283.895817	284.600612	287.479928	286.705144
769.178667	777.976000	800.725333	793.354667	192.174059	196.364571	204.433407	202.513549
881.564815	892.946759	919.032407	915.493056	258.823916	262.865945	270.114453	269.646241
866.203704	872.008230	890.958848	891.388889	197.572186	200.236067	207.860040	205.154071
895.146377	900.962319	916.756522	917.055072	173.747996	176.254084	180.466808	180.520309
1199.791289	1210.820327	1228.753176	1226.313067	242.666324	241.213464	239.465832	240.115710
1141.667832	1149.991259	1170.424825	1174.851399	256.808265	258.392034	259.908693	260.636438
1271.489744	1273.701282	1286.157692	1290.851282	221.843828	221.566333	221.637510	221.891486
1127.324800	1132.227200	1147.729600	1152.910400	241.068312	242.439471	243.314826	243.233470
1096.304094	1105.304094	1130.280702	1127.076023	341.714870	342.123660	341.745652	343.609886
780.987692	791.230769	814.344615	815.913846	185.210740	187.811484	197.116415	196.840363
1012.335913	1022.295666	1043.682663	1043.102167	324.444762	324.824686	324.989269	328.080122
919.370370	927.600529	946.322751	942.042328	341.226241	342.918093	346.433020	343.102661
850.197232	851.079585	870.487889	877.145329	296.930008	293.399656	297.175197	302.926398
876.214286	880.066964	901.348214	894.937500	259.578856	259.628365	262.551595	261.844416
680.308036	683.388393	701.607143	701.790179	112.157715	115.336847	121.144827	119.586529
852.934211	864.574561	884.635965	892.320175	248.849033	251.701380	257.505560	263.639084
961.455717	967.281804	983.558776	988.112721	238.933794	240.990382	242.954320	243.357099
1310.094812	1312.877460	1326.321109	1327.239714	234.889296	234.718259	231.489594	230.621137
1072.922360	1071.543478	1095.979814	1093.180124	292.651025	292.790351	292.675997	292.544527
955.050265	966.164021	988.050265	981.275132	305.997738	308.805759	312.873192	309.455444
784.886111	787.447222	815.205556	806.880556	275.947153	277.272535	290.689502	281.819505
1033.859532	1032.734114	1057.085284	1053.657191	272.312235	272.331551	274.267414	273.299980
995.692982	1004.901316	1029.467105	1022.171053	305.284040	308.020210	313.392530	309.172524
924.359606	931.317734	947.554187	951.290640	301.964202	301.215005	304.420560	307.425043
761.034375	762.818750	789.993750	782.293750	262.797040	264.909788	280.071632	270.671222
782.877847	792.318841	813.942029	807.144928	269.397036	275.344887	285.204616	279.718545
985.663158	990.828947	1008.063158	1010.171053	222.687630	224.245789	225.434535	225.513766
999.959877	1006.419753	1026.895062	1041.407407	251.086447	250.695694	253.356908	253.269495
1068.217391	1071.997930	1089.428571	1086.832298	265.536098	263.992404	261.670734	263.397627
834.005882	832.714706	858.200000	848.738235	212.993068	211.051597	216.064002	214.698043
877.524155	877.166667	899.323671	893.439614	214.538207	214.379162	222.323873	215.454528
1084.757835	1077.626781	1106.455840	1104.584046	260.522697	260.064366	260.940820	264.278388
1052.347619	1057.023810	1076.873810	1082.257143	209.554837	210.173856	211.505944	211.421274
1019.585145	1027.681159	1044.143116	1046.851449	232.640770	233.426383	235.682596	234.620665
958.035088	962.050125	983.593985	987.448622	311.786019	313.088252	319.578382	318.400007
982.713948	990.357762	1004.141056	1006.027581	261.047301	262.393472	262.481680	263.593763
875.939815	882.171296	905.259259	895.252315	187.247993	186.841616	192.262527	190.239594
956.662500	961.506818	983.543182	976.178409	175.720622	176.883519	185.071829	182.180851
931.090526	935.303158	959.989474	958.970526	247.410868	248.189989	254.467049	254.476735
890.572917	894.004167	908.558333	914.597917	220.431061	221.260877	224.721411	226.965713
908.355042	911.422269	931.550420	929.266807	175.590367	174.928570	177.477707	177.396001
1086.255172	1085.174138	1107.322414	1104.158621	195.995586	197.547176	197.150612	197.639207
1146.347222	1146.175926	1169.615741	1162.250000	202.028893	201.384366	204.938817	203.270765
908.366477	914.262784	935.017045	932.833807	248.172729	249.466630	256.698776	255.491448
997.448611	1000.561111	1021.022222	1016.090278	219.518144	219.781221	222.192861	221.768315
1089.677489	1093.913420	1122.242424	1123.740260	329.165206	329.509227	331.870963	330.508813
1023.647000	1035.413000	1060.102000	1059.547000	350.448553	351.640694	358.075053	360.383546
1062.178930	1064.755853	1079.585284	1085.252508	274.937385	276.549996	275.954343	273.656826
1210.915332	1213.132723	1230.162471	1237.425629	229.228462	229.200657	229.205936	224.238113
1147.236025	1150.606625	1167.625259	1170.310559	189.918125	188.915024	187.163647	189.133509
828.177033	830.155502	850.394737	846.397129	167.115642	167.912097	171.446826	170.526355
935.537267	929.211180	957.549689	959.891304	314.639496	313.429048	321.095378	316.433243
1177.388889	1175.640351	1198.611111	1207.260234	249.039558	250.963205	247.416654	247.289730
948.053333	942.923333	986.100000	966.563333	264.868461	263.044697	274.202541	271.279440
1073.197917	1074.399306	1098.944444	1107.305556	268.498469	266.913962	265.142793	266.560157
1304.672078	1308.196429	1323.336039	1326.141234	206.749413	207.550786	204.028252	203.136490
1219.070332	1220.906650	1235.648338	1236.572890	190.909774	190.505817	187.461915	187.298154
783.936975	786.784664	801.892857	800.879202	134.200410	135.383743	141.812242	140.509891
1192.737473	1193.125272	1211.368192	1218.193900	276.668744	275.876038	275.318401	277.276987
790.307843	796.717647	812.792157	812.560784	174.455350	176.092823	178.511857	177.617819
952.891667	955.770833	974.425000	978.636111	258.407597	258.215119	258.413126	259.808667
883.661575	886.132785	908.041128	904.344301	300.091450	300.846797	305.575256	304.859929
831.867692	832.840000	850.006154	855.173846	208.181741	207.697604	210.661245	212.080578
711.842857	714.261905	736.819048	732.761905	274.684837	275.718744	285.550163	284.488192
869.971667	873.140000	892.006667	890.401667	202.917208	203.382204	206.312638	204.397613
593.771267	596.967864	609.536862	609.315690	139.929361	142.953150	149.211498	148.674257
705.379167	709.850000	736.433333	726.970833	252.501398	258.195967	272.787432	263.890278
603.042781	617.657754	632.614973	634.598930	194.173291	204.563344	213.987919	213.336461
828.872396	835.746094	849.023438	853.555990	240.596129	240.994478	245.469923	246.368010
914.566434	918.076923	943.769231	936.493007	279.409115	278.467512	278.930519	278.999802
826.092857	827.585714	844.390476	843.876190	228.049001	228.811195	234.632226	233.692460
765.975000	766.708333	789.020833	789.212500	275.731009	275.217385	287.450042	285.606747
773.507576	778.212121	798.553030	792.053030	215.228992	218.105025	230.773023	219.626029
1018.242467	1025.122881	1045.875235	1039.092279	300.812660	302.488163	303.066844	302.607547
967.919390	973.601307	994.590414	995.592593	262.185566	263.532826	269.209505	267.739448
1201.024510	1204.179739	1222.815359	1217.787582	214.539245	214.437796	211.995839	214.933387
1181.630952	1182.953968	1195.439683	1197.556349	184.959351	185.547887	185.278144	185.013605
1119.965278	1121.291667	1138.079861	1144.230903	246.053265	245.809470	247.457442	247.867998
1052.553343	1049.923186	1073.826458	1076.712660	265.195944	264.061759	267.903379	269.084742
953.781250	949.751736	969.987847	969.184028	142.762767	142.451758	143.276327	144.304813
1201.766746	1204.968900	1223.710526	1224.021531	227.451482	226.388329	226.242597	227.706197
1084.403654	1087.064784	1104.403654	1103.530731	224.628704	225.212287	226.888253	226.786675
827.867085	831.442177	845.013082	845.130822	185.692261	187.006520	188.520165	189.160644
1154.258892	1157.544251	1170.765095	1174.082713	217.198424	217.138613	215.672507	217.391820
1010.943810	1012.317143	1026.938095	1027.642857	253.438485	253.944090	256.990463	257.272211
1066.794900	1073.266075	1089.858093	1085.962306	210.154034	211.190879	207.846225	209.812656
907.435374	911.064626	930.382653	929.545918	195.893474	195.774518	192.966958	193.523967
765.466507	770.569378	795.739234	787.954545	249.882467	251.837394	267.083442	259.026698
1076.250000	1076.609375	1095.024306	1097.673611	319.136149	318.126180	319.343102	320.426310
1077.390443	1082.914918	1102.843823	1095.277389	197.845302	197.192207	196.565092	198.569564
1072.603426	1074.919631	1092.436100	1088.188406	222.632255	222.688692	222.573656	222.265174
982.957589	987.049107	1004.145089	1001.178571	181.810560	183.343808	185.328587	185.225146
1018.402703	1022.830631	1041.547748	1038.931532	200.223417	201.180332	201.584716	202.265779
871.521368	871.814103	886.245726	884.706197	186.869051	186.074350	188.432957	189.128890
792.996656	788.117057	831.772575	818.568562	322.952284	321.867156	338.968127	335.125647
1079.997976	1079.744939	1107.609312	1103.684211	350.839495	350.029729	349.246438	351.397167
900.046667	903.886667	932.293333	937.356667	267.371295	266.555021	274.044147	278.923029
1072.633540	1072.612836	1096.770186	1107.604555	371.799254	371.595290	373.332885	373.404633
1168.001504	1167.681203	1184.341353	1188.186466	269.794268	270.881338	268.116505	268.599561
1013.711823	1011.238916	1040.093596	1044.482759	226.529344	226.326170	231.193022	233.609579
1166.710554	1164.197492	1188.403344	1200.965517	291.337611	292.265286	293.430112	290.613303
944.236413	948.529891	982.114130	963.203804	230.276569	231.307489	242.323298	237.030757
1053.167480	1067.102439	1090.356098	1084.660163	291.160678	289.568759	288.132121	290.662632
922.435556	925.822222	951.768889	944.091111	214.634234	215.318057	218.952802	217.709913
894.233083	901.121554	927.290727	922.208020	215.195218	216.503019	220.234353	219.783592
887.778468	892.060041	910.826087	912.608696	189.633843	189.934162	194.556328	194.661580
963.923077	964.008547	988.572650	986.864103	196.908578	198.138005	200.434751	202.979444
897.749275	903.037681	920.728986	921.794203	213.616131	214.437696	217.783858	217.845223
1161.515741	1164.380556	1176.689815	1180.045370	205.143097	205.226308	203.451376	203.758618
976.808333	984.327778	1001.827778	1004.550000	251.320811	250.964764	249.816007	253.474645
824.095238	822.788360	840.862434	844.984127	185.057770	185.258634	187.960736	192.095011
1182.579592	1187.004082	1203.156463	1203.436735	236.407067	236.832685	232.951747	234.139653
996.812112	998.982919	1014.962733	1016.127329	201.078037	201.970398	201.834499	202.458112
959.288043	966.380435	990.130435	991.228261	240.487909	240.052576	244.031544	245.520061
1075.398374	1079.225610	1091.161585	1095.095528	264.326673	265.442688	265.549668	265.025243
1051.001961	1055.135294	1073.774510	1073.382353	248.911544	248.141642	248.726869	248.675266
1133.867347	1137.658163	1154.421769	1154.431973	225.126872	224.943310	223.653432	222.193756
1149.788571	1155.993333	1165.991429	1172.535238	276.206650	276.087096	276.292337	273.573982
1087.478668	1092.793965	1110.291363	1112.506764	180.499607	179.631727	177.303666	179.160409
1100.223030	1106.432727	1124.240000	1126.800000	204.646709	204.368096	203.527963	202.949740
834.734118	843.458824	865.091765	860.176471	186.432654	188.308505	197.328774	190.668757
1060.072917	1061.541667	1077.972222	1087.055556	157.857690	157.724294	160.278370	162.961648
1019.316327	1021.591837	1040.469388	1047.142857	197.602797	196.942318	200.754084	202.537975
1075.995370	1078.638889	1098.300926	1099.560185	161.447306	162.548824	165.546557	163.890395
1092.460000	1097.886667	1120.136667	1116.060000	177.213800	176.693111	177.598881	179.360728
1030.598214	1033.845238	1049.294643	1048.255952	157.950047	159.093608	161.340928	159.651486
980.237013	980.009740	1004.467532	1002.204545	151.376999	151.680993	158.790981	154.947066
999.502463	1002.647783	1026.375616	1027.509852	179.420223	176.903107	187.600937	184.953271
945.682099	949.353395	963.228395	962.469136	125.938815	125.934946	126.796056	126.436790
935.930000	940.674000	959.118000	962.032000	187.401429	186.232986	188.621303	189.035032
1006.356725	1007.576998	1022.103314	1024.376218	225.917373	224.232350	224.047304	224.344742
1067.681818	1062.324242	1088.675758	1092.669697	265.955030	266.202372	266.937924	266.369393
1097.936842	1096.436842	1119.252632	1118.618421	254.982634	257.109155	254.643896	254.219265
1102.974501	1099.165188	1116.412417	1125.787140	268.192028	269.557998	267.750320	266.574416
1015.435897	1015.728507	1034.710407	1033.705882	204.794308	205.595668	206.497231	206.852538
948.814286	946.861224	968.624490	972.871429	243.183051	243.214224	247.141841	248.141159
1007.735294	1012.041582	1026.760649	1032.018256	223.605472	225.112780	224.496209	226.187312
1426.687371	1431.262940	1454.387164	1457.151139	255.057531	257.766860	259.564544	258.183810
1758.220408	1759.723469	1778.677551	1777.938776	263.353137	262.665748	255.424260	257.533604
1393.886111	1400.394444	1427.205556	1423.683333	196.258146	196.308991	197.675396	199.450344
1511.300000	1515.279762	1533.682143	1534.251190	219.884547	219.109535	222.984150	222.455486
1545.087798	1545.321429	1571.058036	1572.355655	260.619032	261.561306	262.915950	265.238582
1684.556571	1686.314286	1706.989714	1705.995429	257.295528	256.234814	251.789719	253.877369
1266.757576	1267.546832	1287.406336	1283.257576	198.138173	199.392124	202.182052	199.281429
1694.662037	1697.808642	1722.459877	1720.337963	253.802680	253.296664	250.633013	251.216948
1330.939394	1334.516667	1354.568182	1356.418182	245.821609	248.211847	250.129914	254.234728
1417.501144	1414.141876	1460.295195	1445.324943	478.341346	475.022658	477.719360	477.155702
1173.340278	1177.421875	1211.753472	1198.177083	318.573067	319.485713	328.527225	323.588628
1467.904000	1469.462000	1501.582000	1499.780000	364.436088	366.635519	368.565240	367.189941
1102.724599	1107.622995	1140.000000	1139.000000	375.610911	375.963334	387.063178	385.319080
1498.700337	1505.503367	1546.962963	1534.597643	402.118535	402.870624	402.914365	404.884171
921.007003	927.852941	948.169468	949.495798	328.993426	330.476305	343.279384	339.479671
1174.612500	1182.837500	1229.381250	1231.893750	368.430297	371.838572	387.330100	390.257275
1326.277536	1330.968841	1355.479710	1355.826812	327.880893	328.043182	330.380294	330.191879
1334.671958	1343.894180	1398.560847	1383.362434	373.285120	374.839749	386.451712	385.868181
1444.709677	1449.190968	1467.716129	1469.380645	244.566652	244.155931	241.557360	243.925373
1307.647321	1313.268973	1360.295759	1346.924107	316.414957	316.065010	324.519672	321.900225
874.923395	875.962733	901.149068	903.538302	272.887526	272.916663	280.132850	282.447403
940.390093	941.631579	980.390093	969.520124	256.424488	254.002122	269.389699	269.215761
931.616883	940.607143	969.006494	970.464286	198.843159	200.197146	203.878293	208.380310
903.590278	906.128472	933.934028	930.045139	183.270460	183.551531	190.678650	190.111469
1058.720395	1071.444079	1112.019737	1107.046053	389.963404	398.987990	417.084466	414.648156
1138.662768	1139.070175	1186.083821	1175.097466	436.193466	439.341516	451.583813	445.537165
943.032609	947.876087	981.352174	987.280435	329.086266	333.471612	343.536734	353.288926
1163.972222	1170.527778	1202.841880	1201.797009	344.488792	342.782239	348.071365	349.826466
986.318182	989.550239	1005.834928	1005.380383	149.489769	150.243874	150.828150	151.025738
1592.481481	1604.361823	1634.792023	1627.564103	302.821530	301.169155	303.898817	301.168146
989.386364	994.072727	1010.070455	1010.322727	151.800360	151.307330	152.890054	152.858445
1334.304167	1340.929167	1385.454167	1378.616667	457.723258	458.867224	463.247115	461.249208
1477.215385	1481.865201	1503.915018	1509.539194	384.730626	387.932736	384.767828	386.797257
1342.082143	1346.830952	1365.701190	1370.148810	383.052944	383.777927	387.388608	384.908516
1493.391204	1497.318287	1516.200231	1525.068287	373.137541	372.660914	371.448869	371.025607
931.182540	927.243386	971.558201	959.272487	367.618886	367.100177	382.698367	377.999814
920.090643	923.774854	946.874269	947.619883	260.319633	260.047975	266.757678	269.278130
1173.780320	1184.164760	1221.267735	1210.551487	416.694151	418.480881	429.328555	426.093499
1034.048913	1047.388587	1087.546196	1088.461957	390.218904	402.055161	420.144290	426.920241
1195.290000	1198.052000	1234.926000	1231.958000	366.778925	362.115385	373.497370	370.924794
1571.515058	1577.562162	1606.972201	1613.012355	430.357507	428.969990	421.099801	420.492958
1492.134435	1491.590634	1526.662810	1520.249036	467.235648	465.037911	459.664342	461.229991
1597.911028	1603.388471	1632.899749	1643.672932	494.211571	490.485483	483.645538	479.584115
1260.597222	1258.476389	1302.404167	1302.997222	327.534264	322.469335	326.950395	327.763195
1118.618164	1129.082031	1153.982422	1152.979492	295.447759	301.159702	306.094772	306.682738
1476.537931	1479.176552	1517.096552	1517.286897	491.125264	491.325686	497.499948	495.571876
1385.464000	1392.139000	1432.867000	1427.112000	515.520603	514.351490	518.647932	515.842626
1657.885882	1661.174118	1689.161176	1696.032941	372.900644	371.611729	368.724844	366.240743
1254.426667	1263.714286	1312.043810	1297.401905	447.140782	450.910417	458.807611	458.317276
1334.681287	1342.076023	1380.941520	1368.245614	457.841699	460.345624	467.846294	465.150351
1403.892416	1419.507937	1451.968254	1453.962963	422.554206	425.200692	430.746471	428.247980
1282.178054	1293.871636	1331.714286	1319.571429	463.157763	467.919200	470.354772	470.853565
1503.267281	1514.886329	1539.242704	1535.615975	456.067454	455.903521	458.015001	454.867054
932.822464	940.987319	971.193841	964.461957	352.563041	354.576389	366.282641	364.786155
1337.161836	1345.899758	1397.409420	1384.144928	500.771922	498.779413	508.143771	504.584878
1455.152632	1461.710526	1494.631579	1494.147368	378.742183	379.700208	382.759573	383.529134
1251.361472	1253.127706	1292.690476	1287.175325	331.268503	333.412825	340.642690	338.702561
1481.714286	1493.579987	1530.362739	1519.425938	435.213512	431.076145	429.635590	431.375329
1388.391111	1387.201111	1425.934444	1428.647778	402.712743	401.453907	401.659258	400.653900
1000.111111	1001.277778	1027.623457	1024.345679	265.345618	264.664722	274.309412	272.714830
1248.482684	1248.307359	1265.517316	1262.761905	150.857443	152.301806	151.313751	150.980884
1275.517778	1278.028889	1293.297778	1292.082222	132.389773	132.184664	132.162619	131.675023
1201.657500	1206.030000	1236.680000	1225.762500	256.519689	254.609464	252.184645	255.186798
1129.741071	1133.089286	1152.372024	1147.241071	185.591467	185.818603	191.743505	188.681517
1157.346154	1163.475962	1187.129808	1178.326923	200.360435	198.764071	203.933068	203.139596
969.516569	965.614035	995.241715	986.095517	272.819173	272.195829	277.254156	273.823807
902.315972	899.682292	926.710069	921.593750	256.231568	255.318423	265.857878	262.525576
881.949495	875.386364	913.492424	909.161616	322.868100	321.395903	337.280250	337.043879
1012.253333	1011.021667	1030.625000	1031.398333	202.639245	203.726234	205.033043	203.216998
760.419643	758.577381	779.544643	773.401786	173.967383	175.238328	179.261331	177.509577
867.798627	866.247140	884.157895	880.240275	220.230021	219.006437	221.514668	221.056760
1068.909722	1071.935185	1097.416667	1085.953704	233.490062	233.543451	235.121132	234.622504
988.826667	994.280000	1017.378333	1006.173333	238.851677	240.538319	240.789412	242.002628
1061.910394	1071.021505	1093.107527	1085.435484	261.975890	262.045625	263.872254	263.286354
1016.553209	1023.873311	1044.088682	1054.423986	292.720649	293.762017	295.408355	294.565547
1005.036508	1011.012698	1032.631746	1030.177778	298.961063	300.492970	301.731064	300.750096
1029.626667	1035.450667	1052.634667	1067.748000	325.736584	325.861712	327.833777	328.086814
912.423077	917.461538	938.317308	937.586538	336.661723	338.891851	342.190756	343.288433
1246.923810	1255.714286	1270.154497	1268.505820	260.988831	255.617570	252.074510	253.070128
926.554545	930.875000	942.611364	941.481818	268.276532	267.648829	266.227190	269.390436
945.306452	946.393369	959.669355	960.686380	168.971989	168.172947	169.532808	168.778865
953.701250	953.516250	966.365000	966.578750	195.602083	194.561153	195.404088	195.900293
958.101070	961.429251	973.529132	973.133175	191.827075	191.880103	190.985569	191.864154
900.106719	897.324111	917.879447	916.851779	235.500454	233.326486	237.765612	239.680852
748.358974	751.774359	769.892308	773.241026	207.883330	211.060895	216.685538	215.856000
808.243636	814.505455	838.036364	832.472727	185.683416	184.135847	192.291043	190.771030
979.964052	987.493464	1002.970588	1005.728758	259.383270	260.600432	261.532675	261.926135
974.726343	979.086957	1002.976982	998.322251	265.248213	266.684117	270.517381	270.212411
819.821637	824.342105	843.894737	838.783626	174.639521	175.451733	181.325667	178.729764
921.219136	925.061728	947.719136	947.307099	241.263562	242.975882	246.647020	246.997087
875.069293	879.581522	902.724185	899.355978	233.436788	234.151033	243.216594	240.552309
1004.153680	1007.939394	1023.307359	1026.785714	214.223463	214.668055	215.683982	217.974932
1056.852941	1059.232620	1080.032086	1081.393048	254.331637	254.875372	256.529569	256.565349
986.118056	984.824074	1016.467593	1017.858796	215.305292	216.407960	221.416687	220.907117
1071.338624	1071.574074	1108.314815	1096.880952	267.495927	267.986343	272.980453	270.512911
1048.025000	1052.280556	1075.527778	1078.433333	291.048277	293.867936	295.125476	296.564387
612.559211	615.671053	632.069079	628.766447	115.130790	114.134787	124.180529	120.183007
960.056777	961.952381	977.304029	979.749084	206.668361	206.717770	210.531017	209.530645
900.489744	903.012821	917.875641	919.271795	115.514160	115.957718	118.353721	119.370441
878.037241	879.388966	899.790345	904.783448	299.967107	300.516623	304.828419	306.428984
1240.327586	1241.607759	1255.545977	1257.731322	185.650167	185.022884	183.596306	182.050261
1023.265455	1027.029091	1041.496364	1043.936364	179.762286	177.961630	178.063636	177.576751
1233.936235	1235.263158	1251.872470	1250.611336	205.887790	206.760804	203.770551	204.523869
1155.277677	1157.878403	1175.830309	1174.715064	208.808429	209.832522	208.789903	207.966087
861.809524	866.095238	885.543860	892.864662	194.720916	197.718090	203.183513	206.964510
948.536797	948.859307	967.292208	973.186147	279.249455	280.104133	283.844560	286.954621
943.219577	944.470899	964.296296	959.965608	119.842921	119.225464	121.868051	120.966977
848.519608	854.691176	872.977941	874.323529	149.967399	150.273748	158.753799	153.790288
652.125000	653.855556	664.677778	667.405556	79.215010	79.580209	82.191410	82.113970
868.264286	868.085714	883.097619	881.683333	174.015908	173.491624	174.715186	176.028304
1171.143098	1172.553872	1195.769360	1192.988215	271.517995	271.203684	265.713546	270.237766
1060.523810	1061.687371	1078.708075	1078.310559	228.652722	228.836004	227.370582	229.451128
1172.930199	1172.826211	1187.548433	1186.676638	184.777638	186.135137	184.453652	185.365720
973.866029	979.267943	999.543062	997.449761	202.306879	203.901749	205.707399	205.830723
1094.050987	1099.680921	1112.598684	1112.421053	189.717233	190.025803	191.393606	189.999238
1124.637860	1130.480110	1142.148148	1143.463649	234.195344	235.472287	234.452659	234.097611
1061.930435	1066.915942	1076.727536	1080.013043	199.163565	199.801466	199.951303	197.979822
1078.495172	1081.365517	1092.462069	1094.302069	167.377750	167.409801	167.650206	167.073192
1207.568696	1208.243478	1222.398261	1224.074783	185.320727	184.818189	182.810329	181.101516
1138.523511	1143.750784	1160.017241	1157.620690	195.202600	193.838631	194.073732	195.583514
985.800000	986.113158	1001.586842	1002.318421	163.101202	163.144869	164.429807	163.676707
1269.498810	1272.030952	1283.610714	1283.347619	242.581945	242.589446	240.834504	240.391785
1170.733333	1172.188148	1188.568889	1184.260741	210.743435	211.038885	211.362885	210.872253
1066.286357	1068.367316	1082.637181	1084.490255	248.794940	248.443210	246.465989	247.490348
962.182971	961.445652	976.186594	976.813406	208.509343	208.047942	209.396115	209.854516
1024.385417	1028.409722	1046.217014	1041.859375	211.741871	212.955857	215.061204	213.879680
1019.944928	1016.133333	1037.701449	1035.771014	208.485304	212.239265	212.024106	210.583305
900.439706	903.188235	915.347059	913.598529	195.212590	194.615984	194.968424	194.622354
972.334465	976.724958	992.984720	991.478778	221.538349	221.730583	222.200723	222.570661
1032.847403	1033.847403	1048.761364	1047.235390	197.555441	196.982495	200.288767	199.246478
917.432526	916.636678	939.525952	937.176471	215.578493	212.346962	218.530255	219.116154
951.462500	951.747917	967.397917	967.672917	175.856837	171.942096	177.454696	177.883730
1105.961694	1107.641129	1124.307460	1122.756048	231.827467	231.865188	233.645456	233.707405
1015.527174	1017.875000	1031.822464	1032.467391	201.060165	201.646680	202.809955	202.673158
1005.633333	1003.245455	1019.251515	1022.469697	213.939959	212.521432	213.498319	216.146735
1036.404040	1038.464646	1053.974747	1053.202020	189.712612	190.469765	194.443152	194.096053
998.333333	1002.306397	1017.520202	1013.720539	243.587666	243.469104	243.750440	243.360799
1041.438596	1043.081140	1060.418860	1056.300439	156.365494	156.693051	157.668180	157.003688
843.026961	847.487745	862.323529	859.433824	123.400914	123.357931	124.616870	125.635546
980.155556	983.125926	1000.170370	996.151852	238.101952	238.038621	238.982810	239.178455
1046.688462	1047.928846	1065.578846	1061.788462	161.432124	160.609703	161.441727	161.547924
949.666667	953.233333	974.011905	967.466667	170.695596	171.780394	173.348800	175.065815
902.909357	905.081871	923.099415	925.777778	266.762804	265.514880	270.591947	270.784811
1000.617225	1009.473684	1024.897129	1024.389952	241.968401	243.633891	243.224110	244.201618
891.762821	893.746795	909.544872	908.027244	266.730303	267.277121	269.733900	267.532919
968.495475	972.000000	988.350679	984.515837	225.481287	225.087436	229.774476	228.437224
818.230556	822.352778	838.975000	839.186111	221.932798	219.930593	223.248358	223.665928
918.450128	923.138107	938.618926	939.038363	228.234847	228.280914	231.105272	229.553292
901.218391	909.577586	935.132184	926.712644	246.707561	246.291531	249.469061	248.592170
1244.292571	1245.604571	1265.365714	1261.700571	312.791596	313.913176	307.975004	309.583457
946.822917	946.526042	975.458333	980.848958	345.104567	345.162166	350.731873	347.364924
1018.020408	1013.030612	1041.415816	1046.959184	251.486455	252.896235	254.404139	254.711307
919.961905	917.844444	940.650794	945.019048	251.992604	252.573552	254.590389	253.353382
1038.565097	1038.650970	1058.274238	1066.132964	265.593490	263.797502	267.823967	262.244053
1091.528421	1096.372632	1108.463158	1122.021053	248.308524	247.665561	246.999104	246.517524
1065.406667	1064.150000	1086.260000	1083.893333	275.119107	277.285421	276.725077	273.700203
1043.357438	1047.035124	1062.520661	1066.466942	202.692115	204.903292	203.710024	201.326124
1209.223906	1216.311448	1238.346801	1228.611111	253.221681	250.663650	245.410104	249.018922
1240.299145	1242.245299	1260.982051	1260.119658	239.717401	241.018783	237.857036	237.997954
1087.909091	1088.633523	1111.426136	1107.369318	194.284230	193.263454	193.658230	193.907591
968.820513	979.797721	998.336182	996.723647	213.166653	214.336095	217.999989	219.954308
879.837500	882.075000	899.975000	904.854167	265.269301	268.083112	271.221766	274.390431
989.936957	995.495652	1018.093478	1006.750000	176.232511	177.375548	185.773757	180.842414
1259.143541	1260.703349	1274.633971	1279.222488	165.514121	166.029939	167.863704	166.583272
1120.546154	1127.120513	1142.251282	1149.782051	208.021730	206.860194	209.304893	210.795375
1100.973039	1103.232843	1114.901961	1127.480392	234.394461	237.734883	237.413282	234.384393
1116.792717	1116.577031	1141.464986	1140.703081	167.055940	167.855786	174.192655	172.337601
1107.421053	1111.228070	1124.327485	1141.397661	258.381287	259.142078	260.881493	257.905743
1030.797980	1033.141414	1048.904040	1049.709596	242.596909	242.522681	244.977490	243.755271
1088.035294	1090.847059	1107.473529	1106.023529	220.398349	221.089939	222.250787	222.374712
1072.175439	1073.849624	1091.245614	1097.949875	211.054732	210.200700	213.504604	213.045522
939.834821	943.357143	967.830357	963.919643	234.756537	233.097368	242.265462	240.104392
1092.033333	1089.204762	1109.426190	1107.397619	220.360637	221.163653	221.565146	220.917260
1110.441176	1106.039216	1135.892157	1140.227941	351.300059	350.881275	352.026053	352.715091
838.335640	839.660900	870.197232	862.982699	315.848353	316.681703	323.056624	324.320052
878.017391	876.040580	899.408696	909.843478	289.120006	288.996386	297.514575	298.897507
1051.670833	1053.033333	1076.345833	1083.850000	318.257580	318.887306	318.748448	318.790195
1091.727778	1090.433333	1129.155556	1113.805556	365.219861	366.076238	364.594609	369.173120
865.722222	861.003472	897.850694	884.218750	276.969223	276.505275	291.622092	284.770213
930.220833	930.979167	958.841667	960.029167	226.613317	224.535456	232.444963	233.569615
1131.269737	1135.615132	1156.467105	1156.648026	231.525832	233.427963	232.875947	234.684574
1032.325000	1038.416667	1064.547222	1060.161111	197.245651	198.196967	201.735708	203.304858
1055.731818	1063.768182	1091.709091	1084.259091	236.082653	233.808953	239.403515	238.927343
1174.671875	1179.723958	1203.372396	1201.328125	341.949100	339.088391	337.734696	337.806697
960.266667	963.527778	995.161111	990.991667	305.875347	307.056071	312.626454	311.344398
1008.638095	1005.828571	1044.780952	1033.528571	241.061632	237.903360	245.684961	244.796491
912.549020	915.100490	938.299020	936.169118	182.741403	183.081505	184.920154	184.872260
1210.428571	1210.523810	1244.425926	1239.412698	378.030140	376.113696	387.402519	388.883001
1314.047619	1325.551587	1358.386905	1358.263889	351.823229	356.619836	367.627484	365.799019
1124.520000	1125.371765	1158.270588	1152.635294	336.168878	336.750689	344.447185	339.471900
1252.482843	1253.267157	1294.955882	1290.191176	372.583753	376.303644	383.435630	383.608174
1267.181818	1271.617225	1320.648325	1299.758373	415.791188	415.641294	421.169467	422.723318
1349.317460	1344.242063	1387.138889	1386.686508	371.957472	372.805730	380.270056	380.764445
845.724026	853.204545	885.844156	881.717532	282.338360	286.660658	301.099865	298.785535
1299.241107	1302.610672	1342.893281	1341.849802	405.149376	400.252040	402.325641	400.541887
1454.823529	1461.311275	1492.718137	1495.306373	387.078554	385.572574	385.197593	382.913000
1227.996032	1224.936508	1272.476190	1260.222222	461.037972	462.634914	470.296807	465.252292
1291.433333	1295.916667	1333.616667	1328.061111	423.108395	421.329906	422.492831	425.763508
1151.095455	1149.277273	1198.222727	1202.631818	410.093357	419.351903	430.983743	430.728252
1410.970356	1411.235178	1449.996047	1440.909091	458.334472	455.329447	458.551667	457.693701
1284.446875	1285.084375	1323.984375	1321.093750	557.880621	554.011738	558.266430	563.270541
1536.279412	1539.858824	1569.273529	1567.586275	302.724737	301.222986	300.007270	300.705307
1217.797115	1224.714423	1264.233654	1261.031731	355.918533	354.312258	357.029292	361.460435
1438.656566	1443.978676	1476.325477	1473.823793	369.464719	368.491905	371.623341	371.065186
1226.756410	1228.991453	1268.897436	1267.079060	236.505611	235.196050	243.981522	243.127402
987.571429	991.354978	1021.989177	1030.816017	344.648940	347.775134	358.211831	360.623139
738.549020	740.468137	758.823529	756.622549	142.385046	144.236902	149.862109	147.513010
1136.537415	1144.614512	1172.317460	1188.405896	423.529197	423.410811	431.637968	435.468855
1038.494737	1048.850000	1080.700000	1077.771053	531.506841	535.086915	547.806443	547.490184
